//comand

=> [root, iterations,errors] = nirob1(11,20,100,1e-6)
root = 11.562
iterations = 100
errors =
 Columns 28 through 36:  0.000000   0.000000   0.000000   0.000000   0.000000   0.000000   0.000000

   0.000000   0.000000   0.000000   0.000000   0.000000   0.000000   0.000000   0.000000   0.000000

 Columns 37 through 45:

   0.000000   0.000000   0.000000   0.000000   0.000000   0.000000   0.000000   0.000000   0.000000

 Columns 46 through 54:

   0.000000   0.000000   0.000000   0.000000   0.000000   0.000000          0          0          0

 Columns 55 through 63:

          0          0          0          0          0          0          0          0          0

 Columns 64 through 72:

          0          0          0          0          0          0          0          0          0

 Columns 73 through 81:

          0          0          0          0          0          0          0          0          0

 Columns 82 through 90:

          0          0          0          0          0          0          0          0          0

 Columns 91 through 98:

          0          0          0          0          0          0          0          0

>> X=[1:1:98]
X =

 Columns 1 through 20:

    1    2    3    4    5    6    7    8    9   10   11   12   13   14   15   16   17   18   19   20

 Columns 21 through 40:

   21   22   23   24   25   26   27   28   29   30   31   32   33   34   35   36   37   38   39   40

 Columns 41 through 60:

   41   42   43   44   45   46   47   48   49   50   51   52   53   54   55   56   57   58   59   60

 Columns 61 through 80:

   61   62   63   64   65   66   67   68   69   70   71   72   73   74   75   76   77   78   79   80

 Columns 81 through 98:

   81   82   83   84   85   86   87   88   89   90   91   92   93   94   95   96   97   98

>>>> plot(X,errors,'r:')